70 66 73 68 59 57 66 61 59 58
66 63 61 60 68 65 74 68 58 57
67 62 74 68 62 60 73 67 70 65
67 63 71 67 69 64 60 58 70 65
77 72 74 72 74 71 68 67 64 60
70 66 65 62 53 56 66 63 68 63
66 63 70 65 63 60 69 66 74 68
64 64 63 60 59 57 73 69 62 59
70 64 68 65 72 70 79 71 60 57
71 66 66 62 64 61 69 69 54 55
65 63 61 59 58 56 63 61 65 63
56 59 70 65 72 69 57 57 71 65
62 59 59 58 63 60 67 62 71 66
70 66 75 69 57 55 58 57 68 67
60 58 73 68 55 55 66 62 56 56
60 59 71 67 74 67 71 66 74 70
76 71 55 58 61 58 67 62 71 68
73 69 62 59 69 65 73 68 59 60
66 62 69 64 58 56 56 54 67 64
65 62 59 61 61 61 69 66 61 59